<?xml version="1.0"?>
<opencv_storage>
<calibration_Time>"Wed Jul 24 20:30:45 2013"</calibration_Time>
<nrOfFrames>25</nrOfFrames>
<image_Width>640</image_Width>
<image_Height>480</image_Height>
<board_Width>8</board_Width>
<board_Height>6</board_Height>
<square_Size>25.</square_Size>
<FixAspectRatio>1.</FixAspectRatio>
<!-- flags:  +fix_aspectRatio +fix_principal_point +zero_tangent_dist -->
<flagValue>14</flagValue>
<Camera_Matrix type_id="opencv-matrix">
  <rows>3</rows>
  <cols>3</cols>
  <dt>d</dt>
  <data>
    6.2884949138220384e+02 0. 3.1950000000000000e+02 0.
    6.2884949138220384e+02 2.3950000000000000e+02 0. 0. 1.</data></Camera_Matrix>
<Distortion_Coefficients type_id="opencv-matrix">
  <rows>5</rows>
  <cols>1</cols>
  <dt>d</dt>
  <data>
    -2.3020407674555998e-02 1.5247881745230041e-01 0. 0.
    -2.6544081339202352e-01</data></Distortion_Coefficients>
<Avg_Reprojection_Error>9.4337861054805783e-01</Avg_Reprojection_Error>
<Per_View_Reprojection_Errors type_id="opencv-matrix">
  <rows>25</rows>
  <cols>1</cols>
  <dt>f</dt>
  <data>
    1.75909370e-01 1.39129326e-01 1.30744606e-01 1.33296579e-01
    1.31420851e-01 1.28121167e-01 1.58693418e-01 1.15885109e-01
    1.09498262e-01 4.44320142e-01 1.75071821e-01 1.67431846e-01
    1.56321689e-01 2.49047473e-01 1.51159376e-01 1.77877545e-01
    1.95400462e-01 3.24202323e+00 2.31318370e-01 1.82089716e-01
    3.30908513e+00 1.87439427e-01 1.43107995e-01 1.12667903e-01
    1.69291973e-01</data></Per_View_Reprojection_Errors>
<!-- a set of 6-tuples (rotation vector + translation vector) for each view -->
<Extrinsic_Parameters type_id="opencv-matrix">
  <rows>25</rows>
  <cols>6</cols>
  <dt>d</dt>
  <data>
    6.2293694363471236e-03 8.7865224018317464e-03
    -3.0404024856138138e-02 -7.5784710574165345e+01
    -4.7460484762780283e+01 6.9237291437977706e+02
    -1.2964937907005827e-02 -8.2320357756325319e-02
    -1.6487214712105284e-02 -6.5054433852754855e+01
    6.9950438611686792e+01 6.7502385711152101e+02
    -5.0502459002413735e-02 -6.0021510949223034e-02
    7.2169488451087043e-03 1.2530777775164971e+02 9.3846769460241461e+01
    7.1840517413381269e+02 -5.7207326433723080e-04
    1.9936587106494066e-02 -1.4918803549503317e-02
    1.6154934760963661e+02 -1.9384151287211047e+00
    7.5066338549720115e+02 2.6725991958743835e-02 7.5815949668847221e-02
    2.2251772985155661e-03 1.2501961663079634e+02
    -1.9705869125686425e+02 6.7934100119946595e+02
    -1.1238212963359598e-02 7.5913451969465306e-02
    -1.2881334991164766e-02 -7.1569270373481729e+01
    -2.1328351579233785e+02 7.4358957144712008e+02
    -1.1923912864208091e-02 1.0259151639458296e-02
    -1.3406948280527284e-02 -2.9764713224585358e+02
    9.2398822468484184e+01 7.1143263592822848e+02 8.5961145826824927e-03
    -1.7419647222858414e-01 -1.7608813550066767e-02
    -2.9587905499865445e+02 -5.1947509035023494e+01
    6.7185340097197900e+02 -3.9803284117703210e-02
    -9.1748743423000240e-02 -4.2390619258106554e-02
    -2.9090545236588559e+02 -1.9795645579784451e+02
    6.6320068111848798e+02 -6.1987836246639971e-01
    1.1363725278197079e-01 -1.0658544121075827e-01
    -1.8913670153502929e+02 1.2269595157697506e+00
    8.4847283896645558e+02 5.6775109191372264e-01
    -3.1627791513509765e-02 8.7222491004653457e-02
    -1.3849613304329034e+02 -4.9696269902344469e+01
    6.1108903859492523e+02 -5.6846595444724020e-03
    5.8431047957340398e-01 -8.2409187018366248e-02
    -2.1907942878447790e+02 -2.2778272273570035e+01
    7.8661406740904908e+02 -4.7455224516722390e-03
    -7.4211622669573007e-01 -2.9253126038994211e-02
    -1.0576755996396662e+02 -2.5559000389119277e+01
    6.4460504194521104e+02 5.5083067683804687e-01 4.7702477542719746e-01
    6.6158730318658945e-02 -2.4706062537768275e+02
    -9.6868358454150993e+01 6.0336336058614847e+02
    1.5418108320782856e-01 -7.0475878942702663e-01
    -3.6918893164048582e-02 -7.8425766365368773e+01
    5.8543129016811065e+01 6.4461455845745263e+02 4.9861709468895232e-01
    8.9240842838607028e-03 -8.4519414541215102e-02
    7.0896137809218587e+01 9.1628082911352720e+01 5.9245529400475959e+02
    4.7722165272990702e-01 -8.4104657782005682e-02
    -9.7725432489457614e-02 -2.6053415548727759e+02
    -8.7856497005998804e+01 6.4496816946667252e+02
    1.3449490341688922e-01 -1.0755388111303958e+00
    -2.8357783576152734e-01 -2.5237338808254862e+02
    -1.3728742108771061e+02 6.3522555014979343e+02
    1.9635946450995426e-01 1.0000731622063006e+00 9.9813125603024772e-02
    1.7748958842323975e+02 -1.0061668845400463e+02
    7.8839570855827094e+02 -1.9076709076597378e-01
    8.7077295007762123e-01 -1.8806130211858722e-02
    1.9278736430795121e+02 -1.5769059438054074e+02
    8.9641971935663742e+02 1.9525068183995517e-01
    -4.4216979193258921e-01 8.7578713500267424e-03
    1.4239034317713680e+02 -2.1307809385215575e+00
    8.7757437996609747e+02 -6.3431640943834133e-01
    1.4704350696325880e-01 -4.9862443183625094e-02
    4.4104736685167751e+01 8.9214267936963424e+01 9.5958550891899620e+02
    3.2856848355864818e-02 -8.7812306419394651e-02
    2.0962561142947086e-03 -1.9676370322546441e+02
    -2.9426796833136983e+01 7.6372843128112777e+02
    -1.5490644926670840e-02 -1.0719815535267092e-01
    1.2307428689658733e-02 1.0580243402060186e+02
    -4.9880245732925580e+01 8.3371420624891994e+02
    2.8055138363372167e-01 -4.8925573087310742e-01
    -4.8864799203213780e-02 1.1398904426395910e+02
    8.7068417676837853e+01 7.0365872597229179e+02</data></Extrinsic_Parameters>
