<?xml version="1.0"?>
<opencv_storage>
<calibration_Time>"Wed Jul 10 18:03:31 2013"</calibration_Time>
<nrOfFrames>21</nrOfFrames>
<image_Width>640</image_Width>
<image_Height>480</image_Height>
<board_Width>8</board_Width>
<board_Height>6</board_Height>
<square_Size>25.</square_Size>
<FixAspectRatio>1.</FixAspectRatio>
<!-- flags:  +fix_aspectRatio +fix_principal_point +zero_tangent_dist -->
<flagValue>14</flagValue>
<Camera_Matrix type_id="opencv-matrix">
  <rows>3</rows>
  <cols>3</cols>
  <dt>d</dt>
  <data>
    6.5270570768413688e+02 0. 3.1950000000000000e+02 0.
    6.5270570768413688e+02 2.3950000000000000e+02 0. 0. 1.</data></Camera_Matrix>
<Distortion_Coefficients type_id="opencv-matrix">
  <rows>5</rows>
  <cols>1</cols>
  <dt>d</dt>
  <data>
    -4.9656236259706957e-02 4.9488787455084454e-01 0. 0.
    -8.6159967419422767e-01</data></Distortion_Coefficients>
<Avg_Reprojection_Error>1.8962327780867880e-01</Avg_Reprojection_Error>
<Per_View_Reprojection_Errors type_id="opencv-matrix">
  <rows>21</rows>
  <cols>1</cols>
  <dt>f</dt>
  <data>
    2.16515779e-01 2.19430298e-01 1.43487945e-01 1.80946976e-01
    2.34393209e-01 2.14559630e-01 1.77721024e-01 2.17804924e-01
    1.71314090e-01 2.05430686e-01 1.71120033e-01 2.08623409e-01
    1.75792962e-01 1.55913576e-01 1.89488649e-01 1.46271482e-01
    1.90478370e-01 1.66095018e-01 1.71041995e-01 2.19911531e-01
    1.68469757e-01</data></Per_View_Reprojection_Errors>
<!-- a set of 6-tuples (rotation vector + translation vector) for each view -->
<Extrinsic_Parameters type_id="opencv-matrix">
  <rows>21</rows>
  <cols>6</cols>
  <dt>d</dt>
  <data>
    7.9384821410228817e-02 5.8402106984027935e-01 5.7049402046312349e-02
    -6.2460612314279764e+01 -7.6939491078635484e+01
    4.9152412755266226e+02 -4.4319828250687449e-02
    5.4905499315775441e-01 -3.8006158615095334e-02
    -1.0508054764354999e+02 -3.7623728945846345e+01
    4.6394975907637178e+02 -5.8276595824123520e-02
    -4.5255798296668387e-01 -5.4732324801455692e-02
    -1.3114660513107819e+02 -3.1052054727837664e+01
    5.8190027976033502e+02 -8.0482315931708737e-02
    -4.6399267407895040e-01 -9.4380086538395691e-02
    -1.1040438724078987e+02 -2.7085444343438468e+01
    5.1051452063180244e+02 5.1896831687588929e-01 5.1356254333705209e-01
    7.0683504837207353e-02 -1.2181714568615024e+02
    -5.5170353496096212e+01 4.3508846591123421e+02
    4.2547822357097426e-01 -6.1785792608087264e-01
    -7.3482011783831958e-02 -1.2532222313758994e+02
    -2.6132762684301102e+01 4.0220902210858191e+02
    -4.0494778791739056e-01 -3.7055837953412424e-01
    1.3021219598427716e-02 -9.0380413372784204e+01
    -6.7801208729902044e+01 5.2515303852993736e+02
    -1.0293255359511079e-01 4.6766419790111152e-01
    9.7394435016557271e-02 -4.8460530256989493e+01
    -4.2644132014299601e+01 5.0948881764919440e+02
    -5.3192266060983495e-01 2.8280638687636728e-01
    5.8425552839534824e-03 -9.6153681688808490e+01
    -4.6784601688313984e+01 5.8488733214127762e+02
    1.1921262844644012e-01 -5.3776306479025793e-01
    -4.8472821400156303e-02 -8.7107845691812003e+01
    -6.8909572167264045e+01 4.0921598026690737e+02
    -3.8407089072968986e-01 1.4907781051170851e-01
    -1.0702170440681136e-01 -1.3084556346514469e+02
    -3.3227418354024650e+01 6.5611241160224438e+02
    -3.9375870115532549e-02 -3.4768669358129028e-01
    -4.4937113380234733e-02 -1.1940379803037764e+02
    -6.5788345750552963e+01 4.7065442074408941e+02
    -5.5782476050545413e-02 -1.0161531534050208e+00
    -9.9916356548380353e-02 -1.0119140323076286e+02
    -6.4604643378095830e+01 4.3416793143118713e+02
    -1.6876453014466830e-02 -7.8742323106141299e-01
    -5.5145970474222365e-02 -7.9822978162694511e+01
    -6.2297782759283187e+01 4.3993028936204468e+02
    6.3902379668814391e-01 -1.4334962745538615e-01
    1.1806312437625099e-01 -1.1589117954375115e+02
    -2.5227957727244544e+01 4.9134150904261912e+02
    3.6924464063354354e-02 -1.4416800734052398e-01
    6.3847283804291638e-02 -1.4419345570429957e+02
    -1.2929053101594920e+02 6.4812188300060279e+02
    -8.4953569751713268e-02 4.0056329399644947e-01
    -3.7403508909821574e-02 -1.2771441061281406e+02
    -4.8371850893559504e+01 4.4137966782697868e+02
    -4.8493076740373953e-01 -3.9386504870524125e-01
    -1.5407404575392106e-01 -1.3462457771031768e+02
    -4.7597560107394436e+01 6.0632158478286942e+02
    2.9480894826379900e-01 -3.1967812234114512e-01
    1.2103633148052568e-02 -1.0286740859088981e+02
    -5.0372639567367770e+01 5.4848779656950126e+02
    5.3404820982326462e-01 -3.3103195257423007e-01
    -2.1823796380569589e-02 -1.1034360578433797e+02
    -5.2625990457813892e+01 4.3857713905915438e+02
    2.8649025844109627e-01 -3.4838012062190071e-01
    -5.9281682246519259e-02 -1.3010719126807692e+02
    -8.8629978835157019e+01 5.1446698823423833e+02</data></Extrinsic_Parameters>
