<?xml version="1.0"?>
<opencv_storage>
<calibration_Time>"Wed Jul 24 20:31:43 2013"</calibration_Time>
<nrOfFrames>25</nrOfFrames>
<image_Width>640</image_Width>
<image_Height>480</image_Height>
<board_Width>8</board_Width>
<board_Height>6</board_Height>
<square_Size>25.</square_Size>
<FixAspectRatio>1.</FixAspectRatio>
<!-- flags:  +fix_aspectRatio +fix_principal_point +zero_tangent_dist -->
<flagValue>14</flagValue>
<Camera_Matrix type_id="opencv-matrix">
  <rows>3</rows>
  <cols>3</cols>
  <dt>d</dt>
  <data>
    6.5419893816636954e+02 0. 3.1950000000000000e+02 0.
    6.5419893816636954e+02 2.3950000000000000e+02 0. 0. 1.</data></Camera_Matrix>
<Distortion_Coefficients type_id="opencv-matrix">
  <rows>5</rows>
  <cols>1</cols>
  <dt>d</dt>
  <data>
    -1.5314427459972390e-02 3.7280098582184057e-01 0. 0.
    -8.4163757331343036e-01</data></Distortion_Coefficients>
<Avg_Reprojection_Error>3.3818822210492894e-01</Avg_Reprojection_Error>
<Per_View_Reprojection_Errors type_id="opencv-matrix">
  <rows>25</rows>
  <cols>1</cols>
  <dt>f</dt>
  <data>
    1.33413389e-01 1.16100669e-01 1.50986940e-01 1.09986544e-01
    1.52918443e-01 1.44187555e-01 1.44841284e-01 1.44976690e-01
    1.00579128e-01 1.74792647e-01 1.30024418e-01 1.36296481e-01
    9.90654230e-02 1.39776096e-01 1.18605770e-01 1.01965591e-01
    1.34558529e-01 1.12976156e-01 1.65265679e-01 1.83777153e-01
    6.82883382e-01 9.61183384e-02 1.12039879e-01 5.93248129e-01
    1.28255582e+00</data></Per_View_Reprojection_Errors>
<!-- a set of 6-tuples (rotation vector + translation vector) for each view -->
<Extrinsic_Parameters type_id="opencv-matrix">
  <rows>25</rows>
  <cols>6</cols>
  <dt>d</dt>
  <data>
    -3.1920762177969728e-02 2.2948721535148837e-02
    -3.1562920535632623e-02 -1.1660934358578902e+02
    -4.5353292368310157e+01 7.3567552539413623e+02
    -1.0006123593335262e-02 6.6180783257705753e-02
    -7.0605222190762724e-03 -9.5176591088936036e+01
    8.1303246206743978e+01 6.9305418792123487e+02 4.2186483183288798e-02
    -9.0407462836396779e-02 -2.0997144056428118e-02
    -1.0528677013115268e+02 -1.7317528782518343e+02
    6.1668690840843840e+02 1.4530472967435641e-02
    -5.3143318369853310e-02 -9.7236570285562721e-03
    1.0067067987998607e+02 6.5829900755261704e+01 6.5689318157193372e+02
    -3.2379016415275248e-02 1.0984917489896358e-01
    -2.6992464432008638e-02 1.0202997055684281e+02
    -4.9283691376556440e+01 6.9233097998673520e+02
    -4.0393830850469267e-03 7.6122873439312304e-03
    -3.8374721544041916e-02 7.0710332460980425e+01
    -1.7171939147564163e+02 6.2040140159172176e+02
    4.8562114636852963e-02 1.8685924677307075e-02
    -5.2835456719889460e-03 -2.0102827161569616e+02
    3.2201391256013743e+01 5.6959778998304466e+02 3.2044746425923247e-02
    -1.5837531787403082e-02 -5.2124447824146826e-03
    -2.4368478343060349e+02 -3.1619803149053745e+01
    6.0560122824999883e+02 -6.3604693256807524e-02
    -9.0902832241469280e-04 -7.9431812250506800e-03
    -2.6925027376956120e+02 -1.6676354584617360e+02
    6.8327792131927129e+02 6.2684066598358035e-01 1.8628790734266262e-01
    -5.5052272049277186e-02 -1.4488485516881462e+02
    -3.0113861355682609e+01 5.9455092095806492e+02
    5.5286166309295592e-01 -4.5122906308403987e-01
    1.4802149994907887e-01 3.5743514337008248e-01
    -5.3122489701360536e+01 6.1233654829675481e+02
    -5.5479404618186967e-01 1.4479206239239062e-01
    -1.4892459457682070e-01 -6.4009055208288785e+01
    -5.6050855658223455e+01 8.5298589815550372e+02
    -2.3686153297228368e-02 -7.2842363402602250e-01
    -1.8539680434569317e-02 -7.5091206436582539e+01
    9.0672697220613365e+00 7.0165363553539942e+02 4.1948524324740888e-02
    6.5987775664904491e-01 -7.3865348547523741e-04
    -5.0506317860099706e+01 -8.8168463178354116e+01
    6.9077004691848299e+02 -1.0493814489735850e-02
    6.7575431248522766e-01 -3.2262030547975599e-02
    -1.1087468677001669e+02 -3.9177493692563443e+00
    7.9020788919223980e+02 -4.9477684137547534e-01
    2.6911382691938035e-01 -1.2366089873688514e-02
    -6.1665321910807783e+01 -4.1968771956975090e+01
    8.5883133518093757e+02 -3.6590834628862035e-01
    4.8433092517053300e-01 -1.6919676823605925e-01
    3.7038742705958505e+01 -4.7427901325585054e+01
    8.5411972020233077e+02 -4.2337449343939204e-01
    -4.4486709386765366e-01 -2.0319301871160628e-01
    -1.6472259571982232e+02 -1.3021881434184284e+00
    7.9547306211291129e+02 5.2721873505452788e-01
    -5.1337517500696839e-01 1.8114084373195033e-01
    5.5419901399652751e+01 -5.6704888006155201e+01
    6.3444754153549093e+02 6.0096573965435796e-01 2.6552086859869484e-01
    -5.4503233032061928e-02 -1.7521420655644167e+01
    -3.1094708131104618e+01 5.7180057903549164e+02
    4.5328574293725338e-01 5.5113777161273991e-01
    -1.0762426591612434e-01 -2.2301286822632105e+02
    -5.4784712644329602e+01 7.2668300903469526e+02
    1.9495278033738996e-02 -7.9580377034323313e-01
    -7.6332048159527349e-02 -2.7871500398144286e+02
    -1.1482063003622798e+02 7.9054705989553258e+02
    1.9179252824534389e-02 5.4741991033440207e-01
    -2.9550405435350782e-02 -2.3805759329014751e+02
    6.2251106172049511e+01 7.8428245121941029e+02
    -4.6652071250594751e-01 3.5788654035063544e-01
    -8.7200333727026055e-02 -3.0459733560509954e+02
    -2.0814931062659181e+01 9.4246597007554556e+02
    -4.7620186803701409e-01 1.0793746627842168e-01
    -8.7623258756609493e-02 -3.3753824627582878e+02
    -1.5562893575045936e+02 9.8059073371713021e+02</data></Extrinsic_Parameters>
