<?xml version="1.0"?>
<opencv_storage>
<R type_id="opencv-matrix">
  <rows>3</rows>
  <cols>3</cols>
  <dt>d</dt>
  <data>
    9.9984690250902020e-01 -1.4397798983764316e-02
    -9.9435872571758000e-03 1.4412942716646726e-02
    9.9989507245497211e-01 1.4529840028907387e-03 9.9216241293758872e-03
    -1.5960779082211131e-03 9.9994950568013496e-01</data></R>
<T type_id="opencv-matrix">
  <rows>3</rows>
  <cols>1</cols>
  <dt>d</dt>
  <data>
    -1.8094724973194852e+02 2.1786871149903329e+00
    -2.3025451787726340e+01</data></T>
<R1 type_id="opencv-matrix">
  <rows>3</rows>
  <cols>3</cols>
  <dt>d</dt>
  <data>
    9.9285837447597503e-01 -2.6425105760704073e-02
    1.1633555784221912e-01 2.6392997308214722e-02 9.9964999337001836e-01
    1.8167136293243177e-03 -1.1634284647546354e-01
    1.2667047240801032e-03 9.9320830520748704e-01</data></R1>
<R2 type_id="opencv-matrix">
  <rows>3</rows>
  <cols>3</cols>
  <dt>d</dt>
  <data>
    9.9193004094029580e-01 -1.1943288457657493e-02
    1.2622262769012696e-01 1.1978132297395349e-02 9.9992814296449206e-01
    4.8296402417419824e-04 -1.2621932588494250e-01
    1.0328448091254622e-03 9.9200182207733412e-01</data></R2>
<P1 type_id="opencv-matrix">
  <rows>3</rows>
  <cols>4</cols>
  <dt>d</dt>
  <data>
    5.9917671041476331e+02 0. 2.1573861122131348e+02 0. 0.
    5.9917671041476331e+02 2.4692244911193848e+02 0. 0. 0. 1. 0.</data></P1>
<P2 type_id="opencv-matrix">
  <rows>3</rows>
  <cols>4</cols>
  <dt>d</dt>
  <data>
    5.9917671041476331e+02 0. 2.1573861122131348e+02
    -1.0930143596640334e+05 0. 5.9917671041476331e+02
    2.4692244911193848e+02 0. 0. 0. 1. 0.</data></P2>
<Q type_id="opencv-matrix">
  <rows>4</rows>
  <cols>4</cols>
  <dt>d</dt>
  <data>
    1. 0. 0. -2.1573861122131348e+02 0. 1. 0. -2.4692244911193848e+02 0.
    0. 0. 5.9917671041476331e+02 0. 0. 5.4818740954047113e-03 0.</data></Q>
</opencv_storage>
