<?xml version="1.0"?>
<opencv_storage>
<M1 type_id="opencv-matrix">
  <rows>3</rows>
  <cols>3</cols>
  <dt>d</dt>
  <data>
    6.6367251764305172e+02 0. 3.1481361971559062e+02 0.
    6.6367251764305172e+02 2.4547782523003659e+02 0. 0. 1.</data></M1>
<D1 type_id="opencv-matrix">
  <rows>1</rows>
  <cols>8</cols>
  <dt>d</dt>
  <data>
    -1.6907269066982703e-02 1.9178050261073057e-01 0. 0. 0. 0. 0.
    1.9564551960197502e-01</data></D1>
<M2 type_id="opencv-matrix">
  <rows>3</rows>
  <cols>3</cols>
  <dt>d</dt>
  <data>
    6.6367251764305172e+02 0. 3.1508461615629238e+02 0.
    6.6367251764305172e+02 2.5004938861125856e+02 0. 0. 1.</data></M2>
<D2 type_id="opencv-matrix">
  <rows>1</rows>
  <cols>8</cols>
  <dt>d</dt>
  <data>
    -3.7204877508334927e-02 5.9451552628630333e-01 0. 0. 0. 0. 0.
    1.4770365000286372e+00</data></D2>
</opencv_storage>
