<?xml version="1.0"?>
<opencv_storage>
<R type_id="opencv-matrix">
  <rows>3</rows>
  <cols>3</cols>
  <dt>d</dt>
  <data>
    9.9635055817983742e-01 -2.2790882318282857e-02
    8.2256555348985391e-02 2.5849889699019017e-02 9.9900592902249830e-01
    -3.6317171977504829e-02 -8.1347086101931546e-02
    3.8310957454092597e-02 9.9594925680060409e-01</data></R>
<T type_id="opencv-matrix">
  <rows>3</rows>
  <cols>1</cols>
  <dt>d</dt>
  <data>
    -3.3227367116182393e+02 3.6194242076129353e+00
    1.7054795963200885e+01</data></T>
<R1 type_id="opencv-matrix">
  <rows>3</rows>
  <cols>3</cols>
  <dt>d</dt>
  <data>
    9.9887023874287673e-01 -3.5590403280172982e-02
    3.1489194148202407e-02 3.6155780383306406e-02 9.9919168226691424e-01
    -1.7571045315744997e-02 -3.0838380285330286e-02
    1.8689710617569806e-02 9.9934963302060054e-01</data></R1>
<R2 type_id="opencv-matrix">
  <rows>3</rows>
  <cols>3</cols>
  <dt>d</dt>
  <data>
    9.9862624925485788e-01 -1.0877936877371808e-02
    -5.1257046232362040e-02 1.1806038260828605e-02
    9.9977116842405855e-01 1.7838953124461539e-02 5.1051265995648284e-02
    -1.8419589498270588e-02 9.9852615737543748e-01</data></R2>
<P1 type_id="opencv-matrix">
  <rows>3</rows>
  <cols>4</cols>
  <dt>d</dt>
  <data>
    3.6893058704617999e+02 0. 3.7323058271408081e+02 0. 0.
    3.6893058704617999e+02 2.5287571811676025e+02 0. 0. 0. 1. 0.</data></P1>
<P2 type_id="opencv-matrix">
  <rows>3</rows>
  <cols>4</cols>
  <dt>d</dt>
  <data>
    3.6893058704617999e+02 0. 3.7323058271408081e+02
    -1.2275455472274106e+05 0. 3.6893058704617999e+02
    2.5287571811676025e+02 0. 0. 0. 1. 0.</data></P2>
<Q type_id="opencv-matrix">
  <rows>4</rows>
  <cols>4</cols>
  <dt>d</dt>
  <data>
    1. 0. 0. -3.7323058271408081e+02 0. 1. 0. -2.5287571811676025e+02 0.
    0. 0. 3.6893058704617999e+02 0. 0. 3.0054329786740963e-03 0.</data></Q>
</opencv_storage>
