<?xml version="1.0"?>
<opencv_storage>
<R type_id="opencv-matrix">
  <rows>3</rows>
  <cols>3</cols>
  <dt>d</dt>
  <data>
    9.9971340811929232e-01 1.0931104064386441e-02 2.1298182796726125e-02
    -9.8457069778254899e-03 9.9867973126453380e-01
    -5.0416826709992778e-02 -2.1821175051220432e-02
    5.0192681989829922e-02 9.9850114220968811e-01</data></R>
<T type_id="opencv-matrix">
  <rows>3</rows>
  <cols>1</cols>
  <dt>d</dt>
  <data>
    -5.4014383949452993e-01 -8.7053184537576669e+01
    -1.0013653400055690e+01</data></T>
<R1 type_id="opencv-matrix">
  <rows>3</rows>
  <cols>3</cols>
  <dt>d</dt>
  <data>
    9.9992775864320405e-01 5.4355249581656377e-03 1.0720660577018553e-02
    -6.1123769340962891e-03 9.9792168758830113e-01
    6.4147831523230364e-02 -1.0349702555822992e-02
    -6.4208726115274839e-02 9.9788282034899245e-01</data></R1>
<R2 type_id="opencv-matrix">
  <rows>3</rows>
  <cols>3</cols>
  <dt>d</dt>
  <data>
    9.9992893434391594e-01 -4.9571487926200874e-03
    -1.0842183252858625e-02 6.1639928804355674e-03
    9.9343021335023740e-01 1.1427342820915021e-01 1.0204482035394175e-02
    -1.1433213843338054e-01 9.9339017041021671e-01</data></R2>
<P1 type_id="opencv-matrix">
  <rows>3</rows>
  <cols>4</cols>
  <dt>d</dt>
  <data>
    5.8454073614882805e+02 0. 3.2630692672729492e+02 0. 0.
    5.8454073614882805e+02 1.8865199661254883e+02 0. 0. 0. 1. 0.</data></P1>
<P2 type_id="opencv-matrix">
  <rows>3</rows>
  <cols>4</cols>
  <dt>d</dt>
  <data>
    5.8454073614882805e+02 0. 3.2630692672729492e+02 0. 0.
    5.8454073614882805e+02 1.8865199661254883e+02
    -5.1222654485297760e+04 0. 0. 1. 0.</data></P2>
<Q type_id="opencv-matrix">
  <rows>4</rows>
  <cols>4</cols>
  <dt>d</dt>
  <data>
    1. 0. 0. -3.2630692672729492e+02 0. 1. 0. -1.8865199661254883e+02 0.
    0. 0. 5.8454073614882805e+02 0. 0. 1.1411761885878183e-02 0.</data></Q>
</opencv_storage>
