<?xml version="1.0"?>
<opencv_storage>
<M1 type_id="opencv-matrix">
  <rows>3</rows>
  <cols>3</cols>
  <dt>d</dt>
  <data>
    6.4632619775166950e+02 0. 3.2336057128342566e+02 0.
    6.4632619775166950e+02 2.5083833065820252e+02 0. 0. 1.</data></M1>
<D1 type_id="opencv-matrix">
  <rows>1</rows>
  <cols>8</cols>
  <dt>d</dt>
  <data>
    -4.9022503652834955e-02 3.5017204660489626e-01 0. 0. 0. 0. 0.
    6.7329819983893391e-01</data></D1>
<M2 type_id="opencv-matrix">
  <rows>3</rows>
  <cols>3</cols>
  <dt>d</dt>
  <data>
    6.4632619775166950e+02 0. 3.2904666454210093e+02 0.
    6.4632619775166950e+02 2.5576366456962569e+02 0. 0. 1.</data></M2>
<D2 type_id="opencv-matrix">
  <rows>1</rows>
  <cols>8</cols>
  <dt>d</dt>
  <data>
    -2.5559866688596632e-02 2.2818710295434144e-01 0. 0. 0. 0. 0.
    4.1393498892649744e-01</data></D2>
</opencv_storage>
