<?xml version="1.0"?>
<opencv_storage>
<R type_id="opencv-matrix">
  <rows>3</rows>
  <cols>3</cols>
  <dt>d</dt>
  <data>
    9.9952573800793221e-01 8.7905579158515726e-03 2.9513135232072843e-02
    -7.9764852831833676e-03 9.9958753390582944e-01
    -2.7588724917789832e-02 -2.9743482348671267e-02
    2.7340229545312483e-02 9.9918358528659978e-01</data></R>
<T type_id="opencv-matrix">
  <rows>3</rows>
  <cols>1</cols>
  <dt>d</dt>
  <data>
    -1.4052633494245669e+02 4.1052422778317093e+00
    -1.1051355908538508e+01</data></T>
<R1 type_id="opencv-matrix">
  <rows>3</rows>
  <cols>3</cols>
  <dt>d</dt>
  <data>
    9.9392811450982232e-01 -1.8196693916884055e-02
    1.0851628226881239e-01 1.9645654352355522e-02 9.9973136432585819e-01
    -1.2298270131443547e-02 -1.0826334306688074e-01
    1.4355469816533873e-02 9.9401859591977915e-01</data></R1>
<R2 type_id="opencv-matrix">
  <rows>3</rows>
  <cols>3</cols>
  <dt>d</dt>
  <data>
    9.9649942880399034e-01 -2.9111067236161858e-02
    7.8367302860902460e-02 2.8061573114076171e-02 9.9950159935359584e-01
    1.4460325168099185e-02 -7.8749200044724951e-02
    -1.2210595971346654e-02 9.9681967518620951e-01</data></R2>
<P1 type_id="opencv-matrix">
  <rows>3</rows>
  <cols>4</cols>
  <dt>d</dt>
  <data>
    5.7667842371277118e+02 0. 2.4659246444702148e+02 0. 0.
    5.7667842371277118e+02 2.4767541694641113e+02 0. 0. 0. 1. 0.</data></P1>
<P2 type_id="opencv-matrix">
  <rows>3</rows>
  <cols>4</cols>
  <dt>d</dt>
  <data>
    5.7667842371277118e+02 0. 2.4659246444702148e+02
    -8.1323182916433914e+04 0. 5.7667842371277118e+02
    2.4767541694641113e+02 0. 0. 0. 1. 0.</data></P2>
<Q type_id="opencv-matrix">
  <rows>4</rows>
  <cols>4</cols>
  <dt>d</dt>
  <data>
    1. 0. 0. -2.4659246444702148e+02 0. 1. 0. -2.4767541694641113e+02 0.
    0. 0. 5.7667842371277118e+02 0. 0. 7.0911934706903252e-03 0.</data></Q>
</opencv_storage>
