<?xml version="1.0"?>
<opencv_storage>
<R type_id="opencv-matrix">
  <rows>3</rows>
  <cols>3</cols>
  <dt>d</dt>
  <data>
    9.9477516932567567e-01 -1.2034213817422498e-02
    1.0137820372678746e-01 1.4865667934978835e-02 9.9951891036774898e-01
    -2.7220575565456023e-02 -1.0100185349745028e-01
    2.8585407379715908e-02 9.9447548993176060e-01</data></R>
<T type_id="opencv-matrix">
  <rows>3</rows>
  <cols>1</cols>
  <dt>d</dt>
  <data>
    -1.4284697543963350e+02 1.8857294948594783e+00
    2.8121370496702300e+00</data></T>
<R1 type_id="opencv-matrix">
  <rows>3</rows>
  <cols>3</cols>
  <dt>d</dt>
  <data>
    9.9628745784150763e-01 -2.5784409485942968e-02
    8.2136870984762481e-02 2.6898101412355307e-02 9.9956025869874521e-01
    -1.2481240743943266e-02 -8.1778930588000176e-02
    1.4644229496932760e-02 9.9654290075958318e-01</data></R1>
<R2 type_id="opencv-matrix">
  <rows>3</rows>
  <cols>3</cols>
  <dt>d</dt>
  <data>
    9.9971920810841652e-01 -1.3197339261160367e-02
    -1.9680832693422381e-02 1.3463315743533594e-02
    9.9981898542197378e-01 1.3443791093478263e-02 1.9499847903780374e-02
    -1.3704985450594287e-02 9.9971592430326350e-01</data></R2>
<P1 type_id="opencv-matrix">
  <rows>3</rows>
  <cols>4</cols>
  <dt>d</dt>
  <data>
    5.6801841435453048e+02 0. 2.9627918243408203e+02 0. 0.
    5.6801841435453048e+02 2.4929809570312500e+02 0. 0. 0. 1. 0.</data></P1>
<P2 type_id="opencv-matrix">
  <rows>3</rows>
  <cols>4</cols>
  <dt>d</dt>
  <data>
    5.6801841435453048e+02 0. 2.9627918243408203e+02
    -8.1162502257095621e+04 0. 5.6801841435453048e+02
    2.4929809570312500e+02 0. 0. 0. 1. 0.</data></P2>
<Q type_id="opencv-matrix">
  <rows>4</rows>
  <cols>4</cols>
  <dt>d</dt>
  <data>
    1. 0. 0. -2.9627918243408203e+02 0. 1. 0. -2.4929809570312500e+02 0.
    0. 0. 5.6801841435453048e+02 0. 0. 6.9985325557760467e-03 0.</data></Q>
</opencv_storage>
