<?xml version="1.0"?>
<opencv_storage>
<R type_id="opencv-matrix">
  <rows>3</rows>
  <cols>3</cols>
  <dt>d</dt>
  <data>
    9.9887990348547329e-01 1.9185818361348635e-02 4.3253240186800768e-02
    -1.8352113160219546e-02 9.9963964346138712e-01
    -1.9590384451186361e-02 -4.3613511156592705e-02
    1.8774652971390055e-02 9.9887205089060216e-01</data></R>
<T type_id="opencv-matrix">
  <rows>3</rows>
  <cols>1</cols>
  <dt>d</dt>
  <data>
    -6.9749500005127118e+01 -9.0879435520986476e+01
    1.4052603972829061e+01</data></T>
<R1 type_id="opencv-matrix">
  <rows>3</rows>
  <cols>3</cols>
  <dt>d</dt>
  <data>
    8.0393342975137350e-01 -5.9147601024040219e-01
    6.2025557944197535e-02 5.9449866380965599e-01 7.9641197194204838e-01
    -1.1090225279908177e-01 1.6198125099129202e-02
    1.2603213977979350e-01 9.9189390586181125e-01</data></R1>
<R2 type_id="opencv-matrix">
  <rows>3</rows>
  <cols>3</cols>
  <dt>d</dt>
  <data>
    7.9436780177671062e-01 -6.0723184979468603e-01
    1.5788479830570006e-02 6.0431570158533943e-01 7.8738729069753211e-01
    -1.2175297641297615e-01 6.1500636727235103e-02
    1.0625787049872445e-01 9.9243485259195785e-01</data></R2>
<P1 type_id="opencv-matrix">
  <rows>3</rows>
  <cols>4</cols>
  <dt>d</dt>
  <data>
    3.2245746484835837e+02 0. 2.8773585987091064e+02 0. 0.
    3.2245746484835837e+02 3.4082191276550293e+02 0. 0. 0. 1. 0.</data></P1>
<P2 type_id="opencv-matrix">
  <rows>3</rows>
  <cols>4</cols>
  <dt>d</dt>
  <data>
    3.2245746484835837e+02 0. 2.8773585987091064e+02 0. 0.
    3.2245746484835837e+02 3.4082191276550293e+02
    -3.7217710688454965e+04 0. 0. 1. 0.</data></P2>
<Q type_id="opencv-matrix">
  <rows>4</rows>
  <cols>4</cols>
  <dt>d</dt>
  <data>
    1. 0. 0. -2.8773585987091064e+02 0. 1. 0. -3.4082191276550293e+02 0.
    0. 0. 3.2245746484835837e+02 0. 0. 8.6640865029988419e-03 0.</data></Q>
</opencv_storage>
