<?xml version="1.0"?>
<opencv_storage>
<R type_id="opencv-matrix">
  <rows>3</rows>
  <cols>3</cols>
  <dt>d</dt>
  <data>
    9.9771305404012867e-01 -2.9244765389564785e-03
    6.7528580874267774e-02 7.3042851986099052e-03 9.9787782451316609e-01
    -6.4703127919818401e-02 -6.7196050595677126e-02
    6.5048403376594163e-02 9.9561709306464763e-01</data></R>
<T type_id="opencv-matrix">
  <rows>3</rows>
  <cols>1</cols>
  <dt>d</dt>
  <data>
    -1.5773295395059699e+02 -9.0624104767338887e-01
    2.9171177415377976e+01</data></T>
<R1 type_id="opencv-matrix">
  <rows>3</rows>
  <cols>3</cols>
  <dt>d</dt>
  <data>
    9.9332173054383954e-01 -9.0674165806825247e-03
    -1.1502052680258512e-01 5.3575542777695856e-03
    9.9945665559168251e-01 -3.2522149462323936e-02
    1.1525292291977932e-01 3.1688729069518522e-02 9.9283059391237849e-01</data></R1>
<R2 type_id="opencv-matrix">
  <rows>3</rows>
  <cols>3</cols>
  <dt>d</dt>
  <data>
    9.8330940192598970e-01 5.6495191414953645e-03
    -1.8185352077268713e-01 2.2623969950593428e-04
    9.9947905107833279e-01 3.2273445294138177e-02 1.8194111382409045e-01
    -3.1775924676163858e-02 9.8279586980787836e-01</data></R2>
<P1 type_id="opencv-matrix">
  <rows>3</rows>
  <cols>4</cols>
  <dt>d</dt>
  <data>
    5.3009865565897678e+02 0. 4.4530883407592773e+02 0. 0.
    5.3009865565897678e+02 2.5379699134826660e+02 0. 0. 0. 1. 0.</data></P1>
<P2 type_id="opencv-matrix">
  <rows>3</rows>
  <cols>4</cols>
  <dt>d</dt>
  <data>
    5.3009865565897678e+02 0. 4.4530883407592773e+02
    -8.5033283195052863e+04 0. 5.3009865565897678e+02
    2.5379699134826660e+02 0. 0. 0. 1. 0.</data></P2>
<Q type_id="opencv-matrix">
  <rows>4</rows>
  <cols>4</cols>
  <dt>d</dt>
  <data>
    1. 0. 0. -4.4530883407592773e+02 0. 1. 0. -2.5379699134826660e+02 0.
    0. 0. 5.3009865565897678e+02 0. 0. 6.2340137383971699e-03 0.</data></Q>
</opencv_storage>
