<?xml version="1.0"?>
<opencv_storage>
<R type_id="opencv-matrix">
  <rows>3</rows>
  <cols>3</cols>
  <dt>d</dt>
  <data>
    9.9756943349731575e-01 -6.4685939228604147e-03
    6.9378545995903998e-02 7.4416233871097883e-03 9.9987741924953299e-01
    -1.3775656654335758e-02 -6.9280932392751862e-02
    1.4258463015166036e-02 9.9749528752733274e-01</data></R>
<T type_id="opencv-matrix">
  <rows>3</rows>
  <cols>1</cols>
  <dt>d</dt>
  <data>
    -1.5622208179195403e+02 6.4965074282178958e-02
    3.0854748773288204e+01</data></T>
<R1 type_id="opencv-matrix">
  <rows>3</rows>
  <cols>3</cols>
  <dt>d</dt>
  <data>
    9.9208487311097615e-01 -9.5166803707131993e-03
    -1.2520797633976874e-01 8.6853712127233692e-03
    9.9993647772233496e-01 -7.1836513798694155e-03
    1.2526838735800663e-01 6.0393141143664491e-03 9.9210450952193163e-01</data></R1>
<R2 type_id="opencv-matrix">
  <rows>3</rows>
  <cols>3</cols>
  <dt>d</dt>
  <data>
    9.8104835704584226e-01 -4.0796972271032539e-04
    -1.9376262461671753e-01 1.6976865296725765e-03
    9.9997749753495224e-01 6.4901682706653245e-03 1.9375561668787977e-01
    -6.6961171166530897e-03 9.8102697364418046e-01</data></R2>
<P1 type_id="opencv-matrix">
  <rows>3</rows>
  <cols>4</cols>
  <dt>d</dt>
  <data>
    5.4773724412700517e+02 0. 4.5410109519958496e+02 0. 0.
    5.4773724412700517e+02 2.5287732124328613e+02 0. 0. 0. 1. 0.</data></P1>
<P2 type_id="opencv-matrix">
  <rows>3</rows>
  <cols>4</cols>
  <dt>d</dt>
  <data>
    5.4773724412700517e+02 0. 4.5410109519958496e+02
    -8.7221646046250986e+04 0. 5.4773724412700517e+02
    2.5287732124328613e+02 0. 0. 0. 1. 0.</data></P2>
<Q type_id="opencv-matrix">
  <rows>4</rows>
  <cols>4</cols>
  <dt>d</dt>
  <data>
    1. 0. 0. -4.5410109519958496e+02 0. 1. 0. -2.5287732124328613e+02 0.
    0. 0. 5.4773724412700517e+02 0. 0. 6.2798315436119693e-03 0.</data></Q>
</opencv_storage>
