<?xml version="1.0"?>
<opencv_storage>
<R type_id="opencv-matrix">
  <rows>3</rows>
  <cols>3</cols>
  <dt>d</dt>
  <data>
    9.9969678809505969e-01 -1.2416261736393545e-02
    2.1264249737876113e-02 1.1932649016221358e-02 9.9967063370885756e-01
    2.2720827176554517e-02 -2.1539353747897505e-02
    -2.2460199122549120e-02 9.9951568056509166e-01</data></R>
<T type_id="opencv-matrix">
  <rows>3</rows>
  <cols>1</cols>
  <dt>d</dt>
  <data>
    -1.8189608866387306e+02 4.1193578686597201e+00
    -2.4264120020248704e+01</data></T>
<R1 type_id="opencv-matrix">
  <rows>3</rows>
  <cols>3</cols>
  <dt>d</dt>
  <data>
    9.8755460035259424e-01 -3.7708056918859208e-02
    1.5268927194086690e-01 3.6021991956096955e-02 9.9925578357667122e-01
    1.3794748424214331e-02 -1.5309581123578403e-01
    -8.1228955414033629e-03 9.8817796532308921e-01</data></R1>
<R2 type_id="opencv-matrix">
  <rows>3</rows>
  <cols>3</cols>
  <dt>d</dt>
  <data>
    9.9097017795610909e-01 -2.2442268166162016e-02
    1.3219096414352924e-01 2.3897383284367732e-02 9.9966992828709988e-01
    -9.4313069414828296e-03 -1.3193567172602633e-01
    1.2505162055027951e-02 9.9117939821617540e-01</data></R2>
<P1 type_id="opencv-matrix">
  <rows>3</rows>
  <cols>4</cols>
  <dt>d</dt>
  <data>
    5.3155569362451774e+02 0. 2.0407090759277344e+02 0. 0.
    5.3155569362451774e+02 2.4338014411926270e+02 0. 0. 0. 1. 0.</data></P1>
<P2 type_id="opencv-matrix">
  <rows>3</rows>
  <cols>4</cols>
  <dt>d</dt>
  <data>
    5.3155569362451774e+02 0. 2.0407090759277344e+02
    -9.7568931667279932e+04 0. 5.3155569362451774e+02
    2.4338014411926270e+02 0. 0. 0. 1. 0.</data></P2>
<Q type_id="opencv-matrix">
  <rows>4</rows>
  <cols>4</cols>
  <dt>d</dt>
  <data>
    1. 0. 0. -2.0407090759277344e+02 0. 1. 0. -2.4338014411926270e+02 0.
    0. 0. 5.3155569362451774e+02 0. 0. 5.4480015773584276e-03 0.</data></Q>
</opencv_storage>
