<?xml version="1.0"?>
<opencv_storage>
<R type_id="opencv-matrix">
  <rows>3</rows>
  <cols>3</cols>
  <dt>d</dt>
  <data>
    9.9757181964114172e-01 -4.7758169245816200e-03
    6.9481337282498903e-02 8.8099832536151796e-03 9.9828518777379438e-01
    -5.7871133274812067e-02 -6.9085807898095195e-02
    5.8342741143546900e-02 9.9590324615543080e-01</data></R>
<T type_id="opencv-matrix">
  <rows>3</rows>
  <cols>1</cols>
  <dt>d</dt>
  <data>
    -1.5616259398298897e+02 -3.0202655544397122e-01
    3.0619903654345016e+01</data></T>
<R1 type_id="opencv-matrix">
  <rows>3</rows>
  <cols>3</cols>
  <dt>d</dt>
  <data>
    9.9223914781853939e-01 -1.4017805105660912e-02
    -1.2355150616790700e-01 1.0470074103196227e-02
    9.9951531999415744e-01 -2.9317275542763827e-02
    1.2390258707796314e-01 2.7796155075773789e-02 9.9190499680079802e-01</data></R1>
<R2 type_id="opencv-matrix">
  <rows>3</rows>
  <cols>3</cols>
  <dt>d</dt>
  <data>
    9.8131223480757235e-01 1.8979087535280215e-03
    -1.9241282638985185e-01 3.6341451831056926e-03
    9.9959020404085475e-01 2.8393960173783764e-02 1.9238786553667073e-01
    -2.8562596659365388e-02 9.8090319974313378e-01</data></R2>
<P1 type_id="opencv-matrix">
  <rows>3</rows>
  <cols>4</cols>
  <dt>d</dt>
  <data>
    5.2154682639388022e+02 0. 4.5255185317993164e+02 0. 0.
    5.2154682639388022e+02 2.5326615142822266e+02 0. 0. 0. 1. 0.</data></P1>
<P2 type_id="opencv-matrix">
  <rows>3</rows>
  <cols>4</cols>
  <dt>d</dt>
  <data>
    5.2154682639388022e+02 0. 4.5255185317993164e+02
    -8.2997136287855305e+04 0. 5.2154682639388022e+02
    2.5326615142822266e+02 0. 0. 0. 1. 0.</data></P2>
<Q type_id="opencv-matrix">
  <rows>4</rows>
  <cols>4</cols>
  <dt>d</dt>
  <data>
    1. 0. 0. -4.5255185317993164e+02 0. 1. 0. -2.5326615142822266e+02 0.
    0. 0. 5.2154682639388022e+02 0. 0. 6.2839135146184116e-03 0.</data></Q>
</opencv_storage>
