<?xml version="1.0"?>
<opencv_storage>
<R type_id="opencv-matrix">
  <rows>3</rows>
  <cols>3</cols>
  <dt>d</dt>
  <data>
    9.9771091058157024e-01 5.0186517050396203e-03 6.7437022780942241e-02
    -3.8974402598536879e-03 9.9985215727440913e-01
    -1.6747344659112418e-02 -6.7511101797516904e-02
    1.6446176722075333e-02 9.9758296617640352e-01</data></R>
<T type_id="opencv-matrix">
  <rows>3</rows>
  <cols>1</cols>
  <dt>d</dt>
  <data>
    -1.4204647531856656e+02 3.0886126831780332e+00
    -4.2476434500149232e+00</data></T>
<R1 type_id="opencv-matrix">
  <rows>3</rows>
  <cols>3</cols>
  <dt>d</dt>
  <data>
    9.9509694682839689e-01 -1.6218935691328509e-02
    9.7565426959774576e-02 1.6990729765527179e-02 9.9983054567463636e-01
    -7.0848456577210193e-03 -9.7433985420064734e-02
    8.7078160866804269e-03 9.9520389490001648e-01</data></R1>
<R2 type_id="opencv-matrix">
  <rows>3</rows>
  <cols>3</cols>
  <dt>d</dt>
  <data>
    9.9931720566835780e-01 -2.1728830574804899e-02
    2.9882777264446825e-02 2.1491856840590920e-02 9.9973515999948892e-01
    8.2286056133478135e-03 -3.0053661086940166e-02
    -7.5807507971109387e-03 9.9951953941512484e-01</data></R2>
<P1 type_id="opencv-matrix">
  <rows>3</rows>
  <cols>4</cols>
  <dt>d</dt>
  <data>
    5.6404811844014785e+02 0. 2.7441354560852051e+02 0. 0.
    5.6404811844014785e+02 2.4993425750732422e+02 0. 0. 0. 1. 0.</data></P1>
<P2 type_id="opencv-matrix">
  <rows>3</rows>
  <cols>4</cols>
  <dt>d</dt>
  <data>
    5.6404811844014785e+02 0. 2.7441354560852051e+02
    -8.0175790709924040e+04 0. 5.6404811844014785e+02
    2.4993425750732422e+02 0. 0. 0. 1. 0.</data></P2>
<Q type_id="opencv-matrix">
  <rows>4</rows>
  <cols>4</cols>
  <dt>d</dt>
  <data>
    1. 0. 0. -2.7441354560852051e+02 0. 1. 0. -2.4993425750732422e+02 0.
    0. 0. 5.6404811844014785e+02 0. 0. 7.0351425716632292e-03 0.</data></Q>
</opencv_storage>
