<?xml version="1.0"?>
<opencv_storage>
<R type_id="opencv-matrix">
  <rows>3</rows>
  <cols>3</cols>
  <dt>d</dt>
  <data>
    9.9949353809789521e-01 -2.2126180365955192e-02
    2.2871367317336161e-02 2.2443523763553561e-02 9.9965406361906661e-01
    -1.3712816303076936e-02 -2.2560043032452320e-02
    1.4219185359940453e-02 9.9964436637539933e-01</data></R>
<T type_id="opencv-matrix">
  <rows>3</rows>
  <cols>1</cols>
  <dt>d</dt>
  <data>
    -1.7971931737326736e+02 2.3256328192198716e+00
    -2.5861304363872076e+01</data></T>
<R1 type_id="opencv-matrix">
  <rows>3</rows>
  <cols>3</cols>
  <dt>d</dt>
  <data>
    9.8572183007607084e-01 -3.2676660366263592e-02
    1.6518083901830044e-01 3.3950924132585915e-02 9.9941150847260596e-01
    -4.8960681218135176e-03 -1.6492364433890377e-01
    1.0434203362878322e-02 9.8625114394770519e-01</data></R1>
<R2 type_id="opencv-matrix">
  <rows>3</rows>
  <cols>3</cols>
  <dt>d</dt>
  <data>
    9.8972352084705861e-01 -1.2807379505315960e-02
    1.4241953276257047e-01 1.1708590214270780e-02 9.9989489292762790e-01
    8.5505562650458333e-03 -1.4251407368150118e-01
    -6.7951547042172005e-03 9.8976945026367102e-01</data></R2>
<P1 type_id="opencv-matrix">
  <rows>3</rows>
  <cols>4</cols>
  <dt>d</dt>
  <data>
    5.8249634775060554e+02 0. 1.9188903427124023e+02 0. 0.
    5.8249634775060554e+02 2.4472945976257324e+02 0. 0. 0. 1. 0.</data></P1>
<P2 type_id="opencv-matrix">
  <rows>3</rows>
  <cols>4</cols>
  <dt>d</dt>
  <data>
    5.8249634775060554e+02 0. 1.9188903427124023e+02
    -1.0577281815083511e+05 0. 5.8249634775060554e+02
    2.4472945976257324e+02 0. 0. 0. 1. 0.</data></P2>
<Q type_id="opencv-matrix">
  <rows>4</rows>
  <cols>4</cols>
  <dt>d</dt>
  <data>
    1. 0. 0. -1.9188903427124023e+02 0. 1. 0. -2.4472945976257324e+02 0.
    0. 0. 5.8249634775060554e+02 0. 0. 5.5070514139081445e-03 0.</data></Q>
</opencv_storage>
