<?xml version="1.0"?>
<opencv_storage>
<R type_id="opencv-matrix">
  <rows>3</rows>
  <cols>3</cols>
  <dt>d</dt>
  <data>
    9.9976166079671258e-01 -1.1967503373383622e-03
    2.1798839180768612e-02 1.6370622646393258e-03 9.9979477571312070e-01
    -2.0192238209086465e-02 -2.1770200461654603e-02
    2.0223111664154900e-02 9.9955844457764376e-01</data></R>
<T type_id="opencv-matrix">
  <rows>3</rows>
  <cols>1</cols>
  <dt>d</dt>
  <data>
    -1.6012704703582671e+02 1.7893465499880807e+00
    2.3866282833278099e+01</data></T>
<R1 type_id="opencv-matrix">
  <rows>3</rows>
  <cols>3</cols>
  <dt>d</dt>
  <data>
    9.9196924976002154e-01 -1.5214171875761195e-02
    -1.2556088763892528e-01 1.3960216457941980e-02
    9.9984356591029189e-01 -1.0860757995614789e-02
    1.2570648307461088e-01 9.0206807906444315e-03 9.9202646508603076e-01</data></R1>
<R2 type_id="opencv-matrix">
  <rows>3</rows>
  <cols>3</cols>
  <dt>d</dt>
  <data>
    9.8901395056763775e-01 -1.1051778778773922e-02
    -1.4740849286394328e-01 1.2523574149357475e-02
    9.9988053048363523e-01 9.0600690002793603e-03 1.4729075216428122e-01
    -1.0806615825008300e-02 9.8903420132030373e-01</data></R2>
<P1 type_id="opencv-matrix">
  <rows>3</rows>
  <cols>4</cols>
  <dt>d</dt>
  <data>
    5.8508814205782244e+02 0. 4.3462347602844238e+02 0. 0.
    5.8508814205782244e+02 2.5514934921264648e+02 0. 0. 0. 1. 0.</data></P1>
<P2 type_id="opencv-matrix">
  <rows>3</rows>
  <cols>4</cols>
  <dt>d</dt>
  <data>
    5.8508814205782244e+02 0. 4.3462347602844238e+02
    -9.4729135407670998e+04 0. 5.8508814205782244e+02
    2.5514934921264648e+02 0. 0. 0. 1. 0.</data></P2>
<Q type_id="opencv-matrix">
  <rows>4</rows>
  <cols>4</cols>
  <dt>d</dt>
  <data>
    1. 0. 0. -4.3462347602844238e+02 0. 1. 0. -2.5514934921264648e+02 0.
    0. 0. 5.8508814205782244e+02 0. 0. 6.1764328317773613e-03 0.</data></Q>
</opencv_storage>
